1 0.02 0.21333333333333335 0.035 0.06
1 0.06625 0.185 0.0475 0.07
1 0.12875 0.17666666666666667 0.0325 0.05333333333333334
1 0.13375 0.23333333333333334 0.0225 0.07333333333333333
1 0.06125 0.39 0.0325 0.06
0 0.09125 0.5116666666666667 0.0575 0.09666666666666666
1 0.2825 0.9516666666666667 0.085 0.09
1 0.2825 0.045 0.03 0.05
1 0.295 0.16166666666666665 0.04 0.07
1 0.34625 0.20333333333333334 0.0325 0.07333333333333333
1 0.38 0.21666666666666667 0.03 0.07333333333333333
1 0.26125 0.37666666666666665 0.0425 0.06666666666666667
0 0.33125 0.535 0.0475 0.09
0 0.41375 0.53 0.0425 0.08666666666666667
1 0.49625 0.205 0.0325 0.056666666666666664
1 0.53125 0.20666666666666667 0.0275 0.06
0 0.585 0.25833333333333336 0.03 0.09666666666666666
1 0.6725 0.12833333333333333 0.045 0.09
1 0.755 0.15833333333333333 0.035 0.06333333333333334
0 0.88375 0.155 0.0525 0.09
0 0.87 0.31 0.05 0.11333333333333333
1 0.285 0.05 0.035 0.04