0 0.045 0.26506024096385544 0.05 0.0963855421686747
0 0.1075 0.24497991967871485 0.06 0.0963855421686747
0 0.275 0.1465863453815261 0.045 0.09236947791164658
0 0.2375 0.3413654618473896 0.045 0.10441767068273092
0 0.315 0.2991967871485944 0.05 0.10040160642570281
0 0.39625 0.3092369477911647 0.0575 0.10441767068273092
0 0.44625 0.23092369477911648 0.0575 0.09236947791164658
0 0.51125 0.28313253012048195 0.0575 0.10040160642570281
0 0.57 0.24899598393574296 0.06 0.10441767068273092
0 0.6925 0.27710843373493976 0.05 0.08835341365461848
0 0.74625 0.285140562248996 0.0425 0.10441767068273092
0 0.8375 0.24899598393574296 0.065 0.11244979919678715
0 0.9425 0.23694779116465864 0.06 0.10441767068273092
0 0.34125 0.19678714859437751 0.0525 0.08835341365461848
0 0.9875 0.38353413654618473 0.02 0.08433734939759036