0 0.095 0.7477876106194691 0.17 0.3185840707964602
0 0.26125 0.6128318584070797 0.1025 0.1902654867256637
1 0.3 0.37610619469026546 0.065 0.10619469026548672
0 0.41 0.5110619469026548 0.085 0.14601769911504425
1 0.475 0.35176991150442477 0.035 0.11946902654867257
0 0.54625 0.42035398230088494 0.1075 0.21238938053097345
0 0.6425 0.41814159292035397 0.085 0.18141592920353983
1 0.6725 0.13495575221238937 0.045 0.084070796460177
0 0.86375 0.21017699115044247 0.0475 0.0752212389380531
0 0.9175 0.17920353982300885 0.055 0.10176991150442478
0 0.73875 0.31194690265486724 0.0475 0.084070796460177
0 0.78125 0.415929203539823 0.0725 0.1415929203539823
0 0.95875 0.4358407079646018 0.0675 0.13716814159292035
0 0.7525 0.9070796460176991 0.135 0.168141592920354
0 0.44125 0.09955752212389381 0.0325 0.05752212389380531
1 0.595 0.13274336283185842 0.03 0.07079646017699115
1 0.77625 0.046460176991150445 0.0325 0.048672566371681415